>> A

A =

     0     1     0     1
     1     0     1     0
     0     1     0     1
     1     0     1     0

>> B

B =

    -8     1     0     1
     1    -8     1     0
     0     1    -8     1
     1     0     1    -8

>> C

C =

     0     1     0     1
     1     0     1     0
     0     1     0     1
     1     0     1     0

================================

